muav(1) = 0.0001;
musv(1) = 1.0000;
gv(1) = 1.0000;

muav(2) = 0.0023;
musv(2) = 10.0000;
gv(2) = 1.0000;

muav(3) = 28.9377;
musv(3) = 83.0565;
gv(3) = 0.9000;

muav(4) = 0.0688;
musv(4) = 258.9190;
gv(4) = 0.9000;

muav(5) = 10.9819;
musv(5) = 332.2259;
gv(5) = 0.9000;

muav(6) = 0.0153;
musv(6) = 249.1694;
gv(6) = 0.9000;

muav(7) = 0.2911;
musv(7) = 151.9254;
gv(7) = 0.9000;

muav(8) = 0.2911;
musv(8) = 151.9254;
gv(8) = 0.9000;

muav(9) = 1.0000;
musv(9) = 100.0000;
gv(9) = 0.9000;

muav(10) = 0.3000;
musv(10) = 80.0000;
gv(10) = 0.5000;

